Action:Right, Reading: N -Probability Pairing
[H] 0.03333333333333333[H] 0.3333333333333333[T] 0.6333333333333332
[N] 0.03333333333333333[N] 0.3333333333333333[N] 0.6333333333333332
[N] 0.5[B] 0.0[H] 0.5

Action:Right, Reading: N -Probability Pairing
[H] 0.0021645021645021654[H] 0.21645021645021648[T] 0.7813852813852814
[N] 0.0021645021645021654[N] 0.21645021645021648[N] 0.7813852813852814
[N] 0.05000000000000001[B] 0.0[H] 0.95

Action:Down, Reading: H -Probability Pairing
[H] 0.0021645021645021654[H] 0.21645021645021645[T] 0.7813852813852813
[N] 0.0021645021645021654[N] 0.2164502164502165[N] 0.7813852813852814
[N] 0.05000000000000002[B] 0.0[H] 0.95

Final Action:Down, Reading: H -Probability Pairing
[H] 0.0021645021645021662[H] 0.21645021645021653[T] 0.7813852813852814
[N] 0.0021645021645021654[N] 0.2164502164502165[N] 0.7813852813852813
[N] 0.05000000000000002[B] 0.0[H] 0.95
